   -0.751706
   -0.751717
   -0.751716
   -0.751712
   -0.751724
   -0.751724
   -0.751725
   -0.751725
   -0.751734
   -0.751744
   -0.751751
   -0.751751
   -0.751757
   -0.751757
   -0.751779
   -0.751779
   -0.751794
   -0.751794
    -0.75181
    -0.75181
   -0.751832
   -0.751832
   -0.751845
   -0.751845
   -0.751883
   -0.751894
   -0.751894
   -0.751994
   -0.752025
   -0.752149
   -0.752149
   -0.752279
   -0.752279
   -0.752441
   -0.752441
   -0.752658
   -0.752658
   -0.752931
   -0.752931
   -0.753152
   -0.753152
   -0.753448
   -0.753448
   -0.753768
    -0.75404
   -0.754143
   -0.754143
   -0.754331
   -0.754524
   -0.754524
   -0.754723
   -0.754723
    -0.75498
    -0.75498
   -0.755301
   -0.755301
   -0.755523
   -0.755523
   -0.755751
   -0.755751
   -0.756045
   -0.756351
   -0.756413
   -0.756413
   -0.756667
   -0.756877
   -0.756877
   -0.757095
   -0.757095
   -0.757375
   -0.757375
   -0.757576
   -0.757576
   -0.757864
   -0.757864
   -0.758207
   -0.758207
   -0.758441
   -0.758441
   -0.758685
   -0.758685
   -0.759092
   -0.759092
   -0.759606
   -0.759606
   -0.759723
   -0.759723
   -0.759754
   -0.759779
   -0.759791
   -0.759791
   -0.759815
   -0.759842
   -0.759842
   -0.759866
   -0.759866
   -0.759903
   -0.759903
   -0.759938
   -0.759938
   -0.759982
   -0.759982
   -0.760013
   -0.760013
   -0.760043
   -0.760043
   -0.760085
   -0.760125
   -0.760136
   -0.760136
   -0.760169
   -0.760206
   -0.760206
   -0.760243
   -0.760243
   -0.760289
   -0.760289
   -0.760349
   -0.760349
   -0.760379
    -0.76043
    -0.76043
   -0.760485
   -0.760493
   -0.760539
   -0.760539
   -0.760585
   -0.760585
   -0.760647
   -0.760647
   -0.760721
   -0.760721
   -0.760778
   -0.760778
   -0.760834
   -0.760834
   -0.761136
   -0.761191
   -0.761205
   -0.761205
   -0.761257
   -0.761313
   -0.761313
   -0.761382
   -0.761382
   -0.761467
   -0.761467
   -0.761527
   -0.761527
   -0.761586
   -0.761586
   -0.761663
   -0.761728
   -0.761761
   -0.761761
   -0.761826
   -0.761826
   -0.761911
   -0.761911
   -0.762017
   -0.762017
   -0.762087
   -0.762162
   -0.762162
   -0.762237
   -0.762237
   -0.762335
   -0.762335
   -0.762454
   -0.762454
   -0.762537
   -0.762537
   -0.762621
   -0.762709
   -0.762709
    -0.76282
    -0.76282
   -0.762957
   -0.762957
   -0.763053
   -0.763053
   -0.763175
   -0.763175
   -0.763301
   -0.763301
   -0.763431
   -0.763431
   -0.763591
   -0.763591
   -0.763704
   -0.763704
   -0.763816
   -0.763816
   -0.763934
   -0.764085
   -0.764085
   -0.764241
   -0.764272
   -0.764402
   -0.764402
   -0.764568
   -0.764568
    -0.76474
   -0.764774
   -0.764918
   -0.764918
   -0.765065
   -0.765065
   -0.765213
   -0.765213
   -0.765407
   -0.765606
   -0.765606
   -0.765812
   -0.765855
   -0.765855
   -0.766025
   -0.766201
   -0.766201
   -0.766425
   -0.766425
   -0.766702
   -0.766702
   -0.766894
   -0.766894
   -0.767087
   -0.767087
   -0.767337
   -0.767337
   -0.767646
   -0.767646
   -0.767854
   -0.767854
   -0.768069
   -0.768341
   -0.768341
   -0.768619
   -0.768675
   -0.768902
   -0.768902
   -0.769133
   -0.769133
   -0.769364
   -0.769364
   -0.769659
   -0.769957
   -0.770018
   -0.770018
   -0.770257
   -0.770501
   -0.770501
   -0.770805
   -0.770805
    -0.77117
    -0.77117
   -0.771417
   -0.771417
   -0.771659
   -0.771659
   -0.771904
   -0.772208
   -0.772208
   -0.772511
   -0.772511
   -0.772811
   -0.772869
    -0.77305
    -0.77305
   -0.773345
   -0.773345
   -0.773637
   -0.773637
   -0.773981
   -0.773981
   -0.774208
   -0.774208
   -0.774431
   -0.774431
   -0.774707
   -0.774979
   -0.775034
   -0.775034
   -0.775197
   -0.775382
   -0.775382
   -0.775618
   -0.775618
   -0.775903
   -0.775903
   -0.776076
   -0.776076
   -0.776255
   -0.776255
   -0.776455
   -0.776455
   -0.776713
   -0.776713
   -0.776858
    -0.77704
    -0.77704
   -0.777249
   -0.777249
   -0.777517
   -0.777501
   -0.777736
   -0.777736
   -0.777983
   -0.777983
   -0.778005
   -0.778005
   -0.778258
   -0.778424
   -0.778424
    -0.77872
    -0.77878
   -0.784134
   -0.784134
   -0.799039
   -0.799039
   -0.808824
   -0.808824
    -0.82079
   -0.833844
   -0.836984
   -0.836984
   -0.849263
   -0.860492
   -0.860492
   -0.871595
   -0.871595
   -0.882388
   -0.882388
   -0.894601
   -0.894601
   -0.906168
   -0.906168
   -0.915652
   -0.915652
   -0.927123
   -0.934744
   -0.936564
   -0.936564
   -0.944068
    -0.94996
    -0.94996
   -0.951188
   -0.951188
   -0.951439
   -0.951439
   -0.951568
   -0.951568
   -0.951789
   -0.951789
   -0.954003
   -0.954003
   -0.964564
   -0.975847
   -0.975847
   -0.987192
   -0.987192
    -0.99861
      -1.001
    -1.00895
    -1.00895
    -1.01626
    -1.01626
    -1.01958
    -1.01958
     -1.0322
     -1.0322
    -1.03891
    -1.03891
    -1.05049
    -1.05049
    -1.06235
    -1.06235
    -1.06974
    -1.06974
     -1.0756
    -1.08255
    -1.08255
    -1.09036
    -1.09036
    -1.09837
    -1.09837
    -1.10122
    -1.10122
    -1.10504
    -1.10504
    -1.10515
    -1.10528
    -1.10534
    -1.10534
    -1.10546
    -1.10546
    -1.10559
    -1.10574
    -1.10574
    -1.10587
     -1.1059
      -1.106
      -1.106
     -1.1061
     -1.1061
    -1.10618
    -1.10618
    -1.10629
    -1.10639
    -1.10641
    -1.10641
    -1.10648
    -1.10656
    -1.10656
    -1.10667
    -1.10667
    -1.10681
    -1.10681
    -1.10691
    -1.10691
    -1.10703
    -1.10703
    -1.10719
    -1.10733
     -1.1074
     -1.1074
    -1.10754
    -1.10754
    -1.10771
    -1.10785
    -1.10791
    -1.10791
    -1.10803
    -1.10803
    -1.10818
    -1.11419
    -1.11419
    -1.12265
    -1.12406
    -1.13252
    -1.13252
    -1.13405
    -1.13405
    -1.13429
    -1.13429
    -1.13447
    -1.13466
    -1.13471
    -1.13471
    -1.13489
    -1.13508
    -1.13508
    -1.13532
    -1.13532
    -1.13647
    -1.13647
     -1.1427
     -1.1427
    -1.15255
    -1.15255
     -1.1661
    -1.17606
    -1.17606
    -1.18417
    -1.18427
    -1.18705
    -1.18705
    -1.19602
    -1.19602
      -1.204
    -1.20504
    -1.21001
    -1.21001
    -1.21767
    -1.21767
    -1.22232
    -1.22232
    -1.23159
    -1.23159
    -1.23564
    -1.23564
    -1.24156
    -1.24642
    -1.24642
    -1.25236
    -1.25311
    -1.25359
    -1.25359
    -1.25411
    -1.25411
    -1.26054
    -1.26054
    -1.27193
    -1.27193
    -1.28083
    -1.28083
    -1.30744
    -1.30744
    -1.33885
    -1.33885
    -1.37836
    -1.37836
    -1.41592
    -1.41592
    -1.47065
    -1.52106
    -1.52106
    -1.61403
     -1.6366
    -1.72756
    -1.72756
     -1.8138
     -1.8138
    -1.86706
    -1.86706
    -1.88683
    -1.88683
    -1.89571
    -1.89571
    -1.89899
    -1.90049
    -1.90049
    -1.90045
    -1.90042
    -1.90041
    -1.90041
    -1.90037
    -1.90037
    -1.90031
    -1.90031
    -1.90024
    -1.90024
    -1.89986
    -1.89986
    -1.89947
    -1.89928
    -1.89928
    -1.89906
    -1.89906
    -1.89881
    -1.89881
    -1.89851
    -1.89851
    -1.89823
    -1.89823
    -1.89792
    -1.89792
    -1.89766
    -1.89736
    -1.89736
    -1.89705
    -1.89705
    -1.89671
    -1.89671
    -1.89648
    -1.89648
     -1.8797
     -1.8797
    -1.83427
    -1.81814
    -1.80755
    -1.80755
    -1.78772
    -1.78772
    -1.77895
    -1.77392
    -1.77392
    -1.76793
    -1.76681
    -1.76681
    -1.75882
    -1.74733
    -1.74733
    -1.74017
      -1.739
    -1.72953
    -1.72953
    -1.72269
    -1.72269
    -1.71706
    -1.71706
    -1.70886
        -1.7
    -1.69862
    -1.69862
     -1.6971
     -1.6966
     -1.6966
    -1.69656
    -1.69655
    -1.69637
    -1.69637
    -1.69631
    -1.69631
    -1.69624
    -1.69624
    -1.69613
    -1.69603
    -1.69598
    -1.69598
    -1.69589
    -1.69589
    -1.69581
    -1.69571
    -1.69571
    -1.69563
    -1.69563
    -1.69557
    -1.69556
    -1.69552
    -1.69552
    -1.69549
    -1.69549
    -1.69545
    -1.69545
    -1.69539
    -1.69532
     -1.6953
     -1.6953
    -1.69522
    -1.69513
    -1.69513
      -1.695
      -1.695
    -1.69485
    -1.69485
    -1.69475
    -1.69475
    -1.69404
    -1.69404
    -1.69401
    -1.69392
    -1.69392
    -1.69385
    -1.69383
     -1.6938
     -1.6938
    -1.69376
    -1.69376
    -1.69355
    -1.69355
    -1.69352
    -1.69352
    -1.69346
    -1.69346
    -1.69339
     -1.6933
     -1.6933
    -1.69317
    -1.69317
      -1.693
      -1.693
    -1.69289
    -1.69289
    -1.69248
    -1.69248
    -1.68518
    -1.67416
    -1.67416
    -1.66041
    -1.65887
    -1.65887
    -1.65495
    -1.65048
    -1.65048
    -1.63837
    -1.63402
     -1.6248
     -1.6248
    -1.62241
    -1.62241
    -1.62221
    -1.62221
    -1.62213
    -1.62203
    -1.62201
    -1.62194
    -1.62194
    -1.62187
    -1.62187
    -1.62181
    -1.62181
    -1.62173
    -1.62168
    -1.62165
    -1.62165
    -1.62161
    -1.62161
    -1.62156
    -1.62151
    -1.62151
    -1.62145
    -1.62143
    -1.62137
    -1.62137
     -1.6213
     -1.6213
     -1.6212
     -1.6212
    -1.62107
    -1.62107
    -1.62098
    -1.62098
     -1.6209
    -1.62082
    -1.62082
    -1.62072
    -1.62072
     -1.6168
     -1.6168
    -1.61467
    -1.61467
    -1.61448
    -1.61448
    -1.61428
    -1.60915
    -1.60915
    -1.59469
    -1.59083
    -1.57818
    -1.57818
    -1.53724
    -1.53724
     -1.5139
     -1.5139
     -1.4648
    -1.39338
    -1.38028
    -1.38028
    -1.31448
    -1.25569
    -1.25569
    -1.23028
    -1.23028
    -1.16628
    -1.16628
    -1.01225
    -1.01225
   -0.894155
   -0.894155
   -0.824261
   -0.790716
   -0.782389
   -0.782389
   -0.769149
   -0.769149
   -0.758726
    -0.75857
    -0.75857
   -0.757933
   -0.757884
   -0.757649
   -0.757649
   -0.757408
   -0.757408
   -0.757105
   -0.757105
   -0.756791
   -0.756791
   -0.753946
   -0.753946
   -0.746623
   -0.746623
   -0.730526
   -0.722161
   -0.718979
   -0.718979
    -0.71239
   -0.705304
   -0.705304
   -0.703141
   -0.703141
   -0.701055
   -0.701055
    -0.69749
    -0.69749
    -0.69743
   -0.697314
   -0.697314
   -0.697251
   -0.697242
   -0.697242
   -0.697239
   -0.697129
   -0.697129
   -0.697159
   -0.697177
   -0.697154
   -0.697154
   -0.697299
   -0.697299
   -0.697429
   -0.697429
   -0.697513
   -0.697638
   -0.697708
   -0.697804
   -0.697804
   -0.697944
   -0.697944
   -0.698193
   -0.698193
   -0.698463
   -0.698463
   -0.698779
   -0.698779
   -0.702789
    -0.72143
   -0.728232
   -0.728232
   -0.762319
   -0.783968
   -0.783968
   -0.813223
   -0.813223
   -0.886792
   -0.886792
   -0.985321
   -0.985321
    -1.00988
    -1.00988
    -1.02757
    -1.07036
    -1.07036
    -1.08924
    -1.09159
    -1.10598
    -1.10598
    -1.11788
    -1.11788
    -1.13461
    -1.13461
     -1.1524
     -1.1524
    -1.16306
    -1.16306
    -1.17179
    -1.17179
     -1.1854
     -1.1854
     -1.1998
     -1.1998
    -1.20942
    -1.20942
    -1.22015
    -1.23158
    -1.23521
    -1.23521
    -1.24426
    -1.25213
    -1.25213
     -1.2575
     -1.2575
    -1.26575
    -1.26575
    -1.27468
    -1.27468
    -1.28463
    -1.28463
    -1.29078
    -1.29078
    -1.30002
    -1.30002
    -1.30531
    -1.31429
    -1.31429
    -1.31863
    -1.31903
    -1.32445
    -1.32445
    -1.32653
    -1.32653
    -1.32857
    -1.32857
     -1.3287
     -1.3287
    -1.32889
    -1.32889
      -1.329
      -1.329
     -1.3291
     -1.3291
    -1.32921
    -1.32933
    -1.32933
    -1.32946
    -1.32949
    -1.32949
    -1.32959
    -1.32972
    -1.32972
    -1.32985
    -1.32985
    -1.32998
    -1.32998
    -1.33012
    -1.33014
    -1.33023
    -1.33023
    -1.33037
    -1.33037
    -1.33052
    -1.33052
    -1.33071
    -1.33071
    -1.33084
    -1.33084
    -1.33097
    -1.33097
    -1.33115
    -1.33132
    -1.33136
    -1.33136
     -1.3315
     -1.3315
    -1.33169
    -1.33187
     -1.3319
    -1.33205
    -1.33205
    -1.33219
    -1.33219
    -1.33233
    -1.33233
     -1.3325
     -1.3325
    -1.33271
    -1.33271
    -1.33279
    -1.33279
    -1.33294
    -1.33307
    -1.33307
    -1.33323
    -1.33326
    -1.33341
    -1.33341
    -1.33349
    -1.33349
    -1.33359
    -1.33359
    -1.33376
    -1.33387
    -1.33391
    -1.33391
    -1.33405
     -1.3342
     -1.3342
    -1.33435
    -1.33438
    -1.33438
    -1.33452
    -1.33463
    -1.33463
     -1.3348
     -1.3348
    -1.33497
    -1.33497
    -1.33511
    -1.33511
    -1.33523
    -1.33523
    -1.33542
    -1.33542
    -1.33568
    -1.33568
    -1.33583
    -1.33583
    -1.33603
    -1.33603
    -1.33628
    -1.33628
    -1.33644
    -1.33661
    -1.33661
    -1.33682
    -1.33682
    -1.33703
    -1.33708
    -1.33725
    -1.33725
    -1.33742
    -1.33742
     -1.3376
    -1.33781
    -1.33781
    -1.33803
    -1.33807
    -1.33824
    -1.33824
    -1.33835
    -1.33835
    -1.33851
    -1.33851
    -1.33873
    -1.33887
    -1.33894
    -1.33894
     -1.3391
     -1.3391
    -1.33925
    -1.33942
    -1.33942
    -1.33971
    -1.33974
    -1.34901
    -1.34901
     -1.3597
     -1.3597
     -1.3737
     -1.3737
    -1.37392
    -1.37392
    -1.37406
    -1.37406
    -1.37416
    -1.37416
    -1.37435
    -1.37461
    -1.37456
    -1.37456
    -1.37475
    -1.37483
    -1.37483
    -1.37507
    -1.37507
    -1.38251
    -1.38251
    -1.39218
    -1.39218
    -1.40272
    -1.40272
    -1.40914
    -1.40914
    -1.42261
    -1.42261
    -1.43439
    -1.43439
     -1.4459
    -1.45711
    -1.45711
    -1.46703
    -1.46969
     -1.4748
     -1.4748
    -1.48267
    -1.48267
    -1.48403
    -1.48403
    -1.48537
    -1.49283
    -1.49527
    -1.49527
    -1.50306
    -1.51403
    -1.51403
    -1.51892
    -1.51892
    -1.52388
    -1.52388
     -1.5297
     -1.5297
    -1.53172
    -1.53172
    -1.53758
    -1.53758
    -1.54523
    -1.54523
    -1.55347
    -1.55896
    -1.55896
    -1.56628
    -1.56628
    -1.57652
    -1.57652
    -1.58238
    -1.58238
    -1.58921
    -1.58921
    -1.59357
    -1.59357
    -1.59448
    -1.59448
    -1.59816
    -1.60225
    -1.60293
    -1.60293
    -1.60334
    -1.60409
    -1.60409
    -1.60427
    -1.60427
    -1.60433
    -1.60433
    -1.60437
    -1.60437
    -1.60441
    -1.60441
    -1.60447
    -1.60447
     -1.6045
     -1.6045
    -1.60454
    -1.60454
    -1.60458
    -1.60417
    -1.60413
    -1.60413
    -1.60407
    -1.60407
    -1.60401
    -1.60395
    -1.60395
    -1.60389
    -1.60388
    -1.60384
    -1.60384
    -1.60379
    -1.60379
    -1.60375
    -1.60373
    -1.60367
    -1.60367
    -1.60366
    -1.60366
    -1.60362
    -1.60362
    -1.60355
    -1.60355
    -1.60353
    -1.60353
    -1.60347
    -1.60347
    -1.60337
    -1.60331
     -1.6033
     -1.6033
    -1.60329
    -1.60328
    -1.60328
    -1.60329
    -1.60329
     -1.6033
     -1.6033
     -1.6033
     -1.6033
    -1.60331
    -1.60331
    -1.60332
    -1.60332
    -1.60332
    -1.60333
    -1.60334
    -1.60335
    -1.60335
    -1.60335
    -1.60335
    -1.60337
    -1.60337
    -1.60338
    -1.60338
    -1.60339
    -1.60339
    -1.60341
    -1.60342
    -1.60342
    -1.60344
    -1.60344
    -1.60346
    -1.60346
    -1.60347
    -1.60347
    -1.60349
    -1.60349
    -1.60351
    -1.60353
    -1.60354
    -1.60354
    -1.60355
    -1.60358
    -1.60358
     -1.6036
     -1.6036
    -1.60362
    -1.60362
    -1.60366
    -1.60366
    -1.60368
    -1.60368
    -1.60371
    -1.60374
    -1.60374
    -1.60377
    -1.60377
    -1.60381
    -1.60381
    -1.60385
    -1.60385
    -1.60388
    -1.60388
    -1.60392
    -1.60395
    -1.60397
    -1.60397
    -1.60401
    -1.60405
    -1.60405
    -1.60409
    -1.60409
    -1.60414
    -1.60414
    -1.60419
    -1.60419
    -1.60426
    -1.60426
     -1.6043
     -1.6043
    -1.60435
    -1.60435
    -1.60441
    -1.60447
    -1.60449
    -1.60449
    -1.60454
    -1.60461
    -1.60461
    -1.60468
     -1.6047
    -1.60475
    -1.60475
    -1.60481
    -1.60481
    -1.60487
    -1.60487
    -1.60495
      -1.605
    -1.60504
    -1.60504
    -1.60511
    -1.60517
    -1.60517
    -1.60525
    -1.60525
    -1.60534
    -1.60535
    -1.60542
    -1.60542
    -1.60549
    -1.60549
    -1.60558
    -1.60558
    -1.60569
    -1.60569
    -1.60576
    -1.60576
    -1.60583
     -1.6059
     -1.6059
    -1.60599
    -1.60599
     -1.6061
     -1.6061
    -1.60617
    -1.60617
    -1.60626
    -1.60626
    -1.60636
    -1.60636
    -1.60643
    -1.60643
    -1.60649
    -1.60649
    -1.60658
    -1.60664
    -1.60668
    -1.60668
    -1.60675
    -1.60675
    -1.60682
    -1.60691
    -1.60691
      -1.607
    -1.60702
     -1.6071
     -1.6071
    -1.60718
    -1.60718
    -1.60727
    -1.60727
    -1.60738
     -1.6075
     -1.6075
    -1.60764
    -1.60767
    -1.60778
    -1.60778
    -1.60916
    -1.60916
    -1.62226
    -1.62226
    -1.64113
    -1.65324
    -1.65898
    -1.65898
     -1.6717
     -1.6717
    -1.68037
    -1.69297
    -1.69297
    -1.72129
    -1.72543
    -1.73557
    -1.73557
    -1.77359
    -1.77359
    -1.79592
    -1.79592
    -1.82117
    -1.82117
    -1.84132
    -1.86671
    -1.86671
    -1.90273
    -1.91494
    -1.91494
    -1.95679
    -1.98136
    -1.98136
    -2.00989
    -2.00989
    -2.06441
    -2.06441
    -2.09908
    -2.09908
    -2.13249
    -2.13249
    -2.15229
    -2.20134
    -2.23191
    -2.23191
    -2.28391
    -2.30375
    -2.30375
    -2.32323
    -2.32323
    -2.38866
    -2.38866
    -2.43048
    -2.43048
    -2.45872
    -2.45872
    -2.51568
    -2.58196
    -2.58196
    -2.61005
    -2.61376
    -2.61376
    -2.64337
    -2.66085
    -2.66085
    -2.68964
    -2.68964
    -2.75048
    -2.75048
    -2.76987
    -2.76987
    -2.80996
    -2.80996
    -2.83869
    -2.86997
    -2.86997
    -2.93171
    -2.94256
    -2.96464
    -2.96464
    -2.98324
    -2.98324
    -3.03488
    -3.03488
    -3.07506
    -3.07506
    -3.09001
    -3.09001
    -3.12826
     3.14097
     3.14097
     3.12984
     3.12984
     3.11278
     3.11278
     3.09857
     3.09857
     3.07711
     3.07711
     3.05722
     3.03933
     3.03513
     3.03513
     3.01784
     3.00736
     3.00736
     2.99264
     2.99264
     2.97497
     2.97497
     2.96116
     2.96116
     2.94623
     2.94623
      2.9397
     2.92371
     2.92371
     2.91343
      2.9122
      2.9113
      2.9113
     2.91139
     2.91139
      2.9115
      2.9115
     2.91169
     2.91223
      2.9123
      2.9123
     2.91245
     2.91266
     2.91266
     2.91284
     2.91284
     2.91311
     2.91311
     2.92778
     2.92778
     2.95055
     2.95055
     2.97955
     2.99478
     2.99478
     3.01106
     3.01215
       3.036
       3.036
     3.05118
     3.05118
     3.07503
     3.07503
     3.09398
     3.09398
     3.10319
     3.10319
     3.12146
     3.12146
    -3.14098
    -3.14098
    -3.13278
    -3.13278
    -3.12232
    -3.12232
    -3.12155
    -3.12142
    -3.12142
    -3.12133
    -3.12131
    -3.12124
    -3.12124
    -3.12115
    -3.12115
    -3.12105
    -3.12105
    -3.12094
    -3.12094
    -3.12086
    -3.12086
    -3.12078
    -3.12078
    -3.12068
    -3.12059
    -3.12058
    -3.12058
    -3.12051
    -3.12043
    -3.12043
    -3.12034
    -3.12034
    -3.12017
    -3.12017
    -3.12014
    -3.12014
    -3.12007
    -3.12007
       -3.12
    -3.11992
    -3.11991
    -3.11991
    -3.11986
    -3.11986
    -3.11976
    -3.11976
    -3.11968
     -3.1196
     -3.1196
    -3.11804
    -3.11721
    -3.11419
    -3.11419
    -3.11413
    -3.11413
    -3.11405
    -3.11405
    -3.11396
    -3.11387
    -3.11387
    -3.11387
    -3.11379
    -3.11372
    -3.11372
    -3.11363
    -3.11363
    -3.11352
    -3.11352
    -3.11345
    -3.11345
     -3.1134
     -3.1134
    -3.11334
    -3.11324
    -3.11324
    -3.11314
    -3.11313
    -3.11305
    -3.11305
    -3.11296
    -3.11296
    -3.11288
    -3.11288
    -3.11277
    -3.11277
    -3.11269
    -3.11269
    -3.11258
    -3.11258
    -3.11247
    -3.11247
    -3.11239
    -3.11239
     -3.1123
    -3.11222
    -3.11222
    -3.11212
    -3.11212
      -3.112
      -3.112
    -3.11192
    -3.11192
    -3.11181
    -3.11181
    -3.11175
    -3.11175
    -3.11161
    -3.11161
    -3.11157
    -3.11157
    -3.11132
    -3.11125
    -3.11125
    -3.11117
    -3.11115
    -3.11115
    -3.11108
    -3.11097
    -3.11097
    -3.11091
    -3.11088
    -3.11078
    -3.11078
    -3.11069
    -3.11069
    -3.11058
    -3.11058
    -3.11048
    -3.11048
    -3.11038
    -3.11038
    -3.11035
    -3.11023
    -3.11023
    -3.11015
    -3.11015
    -3.11003
    -3.11003
    -3.10991
    -3.10991
     -3.1098
     -3.1098
    -3.10973
    -3.10962
    -3.10955
    -3.10955
    -3.10952
    -3.10952
    -3.10947
    -3.10936
    -3.10936
    -3.10918
    -3.10919
    -3.10906
    -3.10906
    -3.10897
    -3.10897
    -3.10761
    -3.10761
    -3.10514
    -3.10514
    -3.10454
    -3.10454
    -3.10451
    -3.10447
    -3.10447
    -3.09976
    -3.09976
    -3.08731
    -3.08731
     -3.0819
     -3.0819
    -3.06924
    -3.06924
     -3.0602
     -3.0602
    -3.05131
    -3.05131
     -3.0306
     -3.0306
    -3.01202
    -3.00048
    -3.00048
    -2.98943
     -2.9886
    -2.97334
    -2.97334
    -2.96217
    -2.96217
    -2.94747
    -2.94421
    -2.93977
    -2.93977
    -2.92893
    -2.92893
    -2.90483
    -2.90483
    -2.89129
    -2.89129
    -2.87669
    -2.87669
    -2.86895
    -2.86895
    -2.86113
    -2.83456
    -2.83456
    -2.82842
    -2.82842
    -2.80042
    -2.80042
    -2.78899
    -2.78899
    -2.78075
    -2.78075
    -2.76878
    -2.76878
    -2.76685
    -2.76685
    -2.76284
    -2.76284
    -2.75424
    -2.74614
    -2.74614
    -2.73327
    -2.73113
    -2.72457
    -2.72457
    -2.71938
    -2.71938
    -2.71685
    -2.71685
     -2.7168
     -2.7168
    -2.71674
    -2.71674
    -2.71674
    -2.71674
    -2.71671
    -2.71674
    -2.71674
    -2.71678
    -2.71678
    -2.71686
    -2.71686
     -2.7172
     -2.7172
     -2.7174
     -2.7174
    -2.71767
    -2.71767
    -2.71807
    -2.71807
    -2.72248
    -2.73235
    -2.73235
    -2.74703
    -2.74703
    -2.78125
    -2.78125
    -2.80795
    -2.80795
    -2.91638
    -2.91638
    -3.03666
    -3.03666
     3.11153
     3.11153
     2.98771
     2.92283
     2.91907
     2.90578
     2.90578
     2.89013
     2.89013
     2.88128
     2.88128
     2.86951
     2.86951
     2.86561
     2.86561
     2.83797
      2.8176
      2.8176
      2.7607
      2.7607
     2.66623
     2.64329
     2.56896
     2.56896
     2.52882
     2.52882
     2.50661
     2.50661
     2.48588
      2.4758
     2.47588
     2.47588
     2.47537
     2.47523
     2.47523
      2.4751
      2.4751
     2.47496
     2.47496
      2.4749
      2.4749
     2.47479
     2.47479
     2.47463
     2.47463
     2.47456
     2.47447
     2.47447
     2.47439
     2.47439
      2.4743
      2.4743
     2.47419
     2.47419
     2.47411
     2.47411
     2.47402
     2.47402
     2.47391
     2.47381
     2.47379
     2.47379
     2.47371
     2.47371
     2.47361
     2.47352
      2.4735
     2.47342
     2.47342
     2.47333
     2.47333
     2.47324
     2.47324
     2.47313
     2.47304
       2.473
       2.473
     2.47292
     2.47292
     2.47284
     2.47274
     2.47274
     2.47264
     2.47262
     2.47252
     2.47252
     2.47243
     2.47243
     2.47234
     2.47234
     2.47222
     2.47212
      2.4721
      2.4721
     2.47202
     2.47194
     2.47194
     2.47185
     2.47185
     2.47175
     2.47163
     2.47163
     2.47152
     2.47149
     2.47149
      2.4714
      2.4713
      2.4713
      2.4712
     2.47118
     2.47109
     2.47109
     2.47099
     2.47099
     2.47086
     2.47086
     2.47074
     2.47074
      2.4706
      2.4706
     2.47051
     2.47051
     2.47042
     2.47034
     2.47034
     2.47023
     2.47023
     2.47008
     2.47008
     2.46997
     2.46997
     2.46986
     2.46986
     2.46974
     2.46949
     2.46949
     2.46926
      2.4692
       2.469
       2.469
     2.46759
     2.46759
     2.46519
     2.46519
     2.45942
     2.45942
     2.44864
     2.44864
     2.43821
     2.43821
      2.4265
     2.40893
     2.40219
     2.40219
     2.38356
     2.36692
     2.36692
     2.33184
     2.33184
     2.29856
     2.29856
     2.24232
     2.24232
     2.19814
     2.19814
     2.17766
     2.13319
     2.13319
     2.03667
     2.01367
      1.9789
      1.9789
     1.96466
     1.96466
     1.89661
     1.89661
     1.76595
     1.76595
      1.7342
      1.7342
     1.71068
     1.71068
     1.64244
     1.58889
     1.58519
     1.58519
     1.56258
     1.51058
     1.51058
     1.48535
     1.48535
     1.46115
     1.46115
     1.38651
     1.38651
     1.36393
     1.34267
     1.34267
     1.32095
     1.31967
     1.31967
     1.30617
     1.30466
     1.30466
     1.30456
     1.30452
      1.3045
      1.3045
     1.30445
     1.30445
     1.30445
     1.30445
     1.30446
     1.30457
     1.30465
     1.30465
     1.30473
      1.3049
      1.3049
     1.30517
     1.30517
     1.30535
     1.30535
      1.3058
      1.3058
     1.30609
     1.30609
     1.31507
     1.34581
     1.34581
     1.38663
     1.39966
     1.49369
     1.49369
     1.62081
     1.62081
     1.80412
     1.80412
     2.02417
     2.02417
     2.09605
     2.09605
     2.12961
     2.12961
      2.1524
     2.15826
     2.15559
     2.15559
     2.14716
     2.15321
     2.15321
     2.18683
     2.18683
     2.26986
     2.26986
     2.32079
     2.32079
     2.34487
     2.34487
     2.37591
      2.4405
     2.47893
     2.47893
     2.55644
      2.6188
      2.6188
     2.73538
     2.73538
     2.87952
     2.90535
     2.99814
     2.99814
     3.03246
     3.03246
     3.04646
     3.04646
     3.01513
     3.01513
      2.9758
      2.9758
     2.91242
     2.91242
     2.77869
     2.58944
     2.55605
     2.55605
     2.45295
     2.39881
     2.39881
     2.40702
     2.40702
     2.49773
     2.49773
       2.539
       2.539
     2.57572
     2.57572
     2.58827
     2.59331
     2.59331
     2.59301
     2.59294
     2.59267
     2.59267
     2.59245
     2.59245
     2.59229
     2.59229
     2.59219
     2.59213
     2.59213
     2.59213
     2.59213
     2.59213
     2.59213
     2.59213
     2.59213
     2.59212
     2.59212
     2.59212
     2.59212
     2.59211
     2.59211
     2.59202
     2.59202
      2.5919
      2.5919
     2.59182
     2.59182
     2.59155
      2.5913
      2.5913
     2.59107
     2.59107
     2.59086
     2.59086
     2.59074
     2.59074
     2.59071
     2.59071
      2.5907
     2.59071
     2.59071
     2.59069
     2.59068
     2.59071
     2.59071
     2.59078
     2.59078
     2.59087
     2.59087
     2.59094
     2.59094
     2.59094
     2.59094
     2.59089
     2.59089
     2.59089
     2.59089
     2.59089
     2.59089
     2.59073
     2.59073
     2.59042
     2.59042
     2.59006
     2.59006
     2.58986
      2.5897
      2.5897
     2.58954
     2.58954
     2.58946
     2.58946
     2.58937
     2.58937
     2.58929
     2.58929
     2.58928
     2.58928
     2.58932
     2.58933
     2.58933
     2.58933
     2.58933
     2.58934
     2.58934
     2.58935
     2.58935
     2.58936
     2.58936
     2.58949
     2.58953
     2.58954
     2.58954
     2.58951
     2.58949
     2.58949
     2.58949
     2.58949
     2.58949
     2.58949
     2.58944
     2.58944
     2.58942
     2.58942
     2.58932
     2.58932
     2.58912
     2.58912
     2.58885
     2.58858
     2.58853
     2.58853
     2.58838
     2.58823
     2.58823
     2.58808
     2.58808
     2.58796
     2.58796
     2.58784
     2.58784
     2.58778
     2.58778
     2.58775
     2.58771
     2.58771
     2.58773
     2.58774
     2.58772
     2.58772
     2.58774
     2.58774
     2.58776
     2.58776
     2.58779
     2.58781
     2.58782
     2.58782
     2.58784
     2.58786
     2.58786
     2.58789
      2.5879
      2.5879
     2.58792
     2.58794
     2.58794
     2.58804
     2.58804
      2.5882
      2.5882
     2.58829
     2.58829
     2.58838
     2.58838
     2.58842
     2.58842
     2.58844
     2.58844
      2.5884
     2.58837
     2.58837
     2.58836
     2.58836
     2.58836
     2.58836
     2.58835
     2.58835
     2.58835
     2.58835
     2.58835
     2.58835
     2.58834
     2.58836
     2.58836
     2.58836
     2.58835
      2.5883
      2.5883
     2.58825
     2.58825
     2.58819
     2.58819
     2.58812
     2.58812
     2.58808
     2.58808
     2.58798
     2.58777
     2.58767
     2.58767
     2.58747
     2.58727
     2.58727
     2.58707
     2.58707
     2.58683
     2.58683
     2.58659
     2.58659
      2.5863
      2.5863
     2.58611
     2.58611
     2.58593
     2.58573
     2.58573
     2.58557
     2.58554
     2.58541
     2.58541
     2.58529
     2.58529
     2.58517
     2.58517
     2.58505
     2.58505
     2.58493
     2.58493
     2.58486
     2.58481
     2.58481
     2.58474
     2.58474
     2.58468
     2.58468
     2.58458
     2.58458
     2.58453
     2.58453
     2.58448
     2.58448
     2.58441
     2.58435
     2.58433
     2.58433
     2.58427
      2.5842
      2.5842
     2.58413
     2.58413
     2.58409
     2.58409
     2.58411
     2.58411
     2.58412
     2.58412
     2.58409
     2.58409
     2.58403
     2.58403
     2.58397
     2.58397
     2.58393
     2.58384
     2.58384
     2.58372
     2.58369
     2.58355
     2.58355
      2.5834
      2.5834
     2.58319
     2.58319
     2.58293
     2.58293
     2.58275
     2.58275
     2.58255
     2.58255
     2.58231
     2.58207
     2.58202
     2.58202
     2.58181
      2.5816
      2.5816
     2.58138
     2.58138
     2.58108
     2.58108
     2.58069
     2.58069
     2.58035
     2.58035
     2.57991
     2.57954
     2.57935
     2.57935
     2.57896
     2.57855
     2.57855
     2.57813
     2.57813
     2.57758
     2.57758
     2.57688
     2.57688
      2.5764
      2.5764
     2.57594
     2.57543
     2.57543
     2.57522
     2.57522
     2.57522
      2.5752
     2.57518
     2.57518
     2.57515
     2.57515
     2.57512
     2.57512
     2.57509
     2.57509
     2.57507
     2.57507
     2.57503
       2.575
     2.57499
     2.57499
     2.57496
     2.57492
     2.57492
     2.57489
     2.57489
     2.57485
     2.57485
     2.57479
     2.57479
     2.57475
     2.57475
     2.57471
     2.57467
     2.57467
     2.57461
     2.57461
     2.57455
     2.57455
      2.5745
      2.5745
     2.57445
     2.57445
     2.57439
     2.57433
     2.57431
     2.57431
     2.57425
     2.57419
     2.57419
     2.57413
     2.57413
     2.57406
     2.57406
     2.57396
     2.57396
      2.5739
      2.5739
     2.57381
     2.57381
     2.57371
     2.57371
     2.57363
     2.57363
     2.57356
     2.57348
     2.57348
     2.57338
     2.57338
     2.57321
     2.57321
     2.57314
     2.57314
     2.57306
     2.57306
     2.57295
     2.57286
     2.57282
     2.57282
     2.57273
     2.57264
     2.57264
     2.57255
     2.57255
     2.57242
     2.57242
      2.5723
      2.5723
     2.57215
     2.57215
     2.57205
     2.57205
     2.57195
     2.57195
     2.57181
     2.57168
     2.57168
     2.57154
     2.57151
     2.57151
     2.57141
     2.57129
     2.57129
     2.57115
     2.57115
     2.57099
     2.57099
     2.57088
     2.57088
     2.57077
     2.57077
     2.57065
     2.57052
     2.57052
     2.57038
     2.57035
     2.57024
     2.57024
     2.57013
     2.57013
        2.57
        2.57
     2.56984
     2.56984
     2.56973
     2.56973
     2.56963
     2.56963
      2.5695
     2.56937
     2.56934
     2.56934
     2.56924
     2.56912
     2.56912
     2.56899
     2.56897
     2.56889
     2.56889
     2.56877
     2.56877
     2.56864
     2.56864
      2.5685
      2.5685
      2.5682
      2.5682
     2.56639
     2.56639
     2.55927
     2.55927
     2.54544
     2.54544
     2.54178
     2.54178
     2.53201
     2.51979
     2.51979
     2.50865
     2.50684
     2.49708
     2.49708
     2.48713
     2.48713
     2.47358
     2.47358
     2.45971
     2.45971
     2.44614
     2.44614
     2.43669
     2.43669
      2.4215
     2.40661
     2.40516
     2.40516
     2.39066
     2.39066
      2.3787
     2.36318
     2.36194
     2.36194
     2.34607
     2.33983
     2.33983
     2.32624
      2.3212
     2.30865
     2.30865
     2.29569
     2.29569
     2.28293
     2.28293
     2.26852
     2.25569
     2.24809
     2.24809
     2.23821
     2.22289
     2.22289
     2.21266
     2.21266
     2.19513
     2.19513
     2.17151
     2.17151
      2.1548
      2.1548
     2.14072
     2.14072
     2.10382
     2.10382
     2.08765
     2.06756
     2.06275
     2.06275
     2.04981
     2.03987
     2.03987
     2.01364
     2.01364
     1.99428
     1.99428
     1.98913
     1.98913
     1.97677
     1.97677
     1.95746
     1.93222
     1.93222
      1.9101
      1.9101
     1.89673
     1.89401
     1.88617
     1.88617
     1.87182
     1.87182
     1.86118
     1.86118
      1.8424
     1.81149
       1.808
       1.808
     1.79701
     1.78275
     1.78275
     1.76935
     1.76935
     1.75139
     1.75139
     1.74198
     1.74198
     1.72823
     1.72823
     1.71583
     1.71583
     1.69655
     1.67633
     1.66874
      1.6581
      1.6581
     1.65242
     1.65242
     1.64265
     1.64265
     1.62841
     1.61658
     1.61499
     1.61499
      1.6072
     1.59752
     1.59752
     1.58696
     1.58696
      1.5695
      1.5695
     1.56241
     1.56241
     1.55383
     1.55383
     1.54845
     1.54845
      1.5457
      1.5457
     1.54557
     1.54557
     1.54542
      1.5453
      1.5453
     1.54512
      1.5451
       1.545
       1.545
      1.5449
      1.5449
     1.54476
     1.54476
     1.54459
     1.54459
     1.54445
     1.54445
     1.54434
     1.54421
     1.54421
     1.54408
     1.54405
     1.54395
     1.54395
     1.54384
     1.54384
     1.54374
     1.54374
     1.54361
      1.5435
     1.54344
     1.54344
     1.54333
     1.54321
     1.54321
     1.54309
     1.54309
     1.54294
     1.54294
     1.54274
     1.54274
     1.54264
     1.54264
     1.54247
     1.54236
     1.54232
     1.54232
     1.54217
     1.54183
     1.54183
     1.54172
     1.54172
     1.54143
     1.54143
     1.53835
     1.53835
     1.52002
     1.52002
     1.50643
     1.50643
     1.48096
     1.48096
     1.46844
     1.45563
     1.45563
     1.44641
     1.44641
     1.43444
     1.43444
     1.41947
     1.41947
     1.40743
     1.40743
     1.40042
     1.39212
     1.39212
     1.38105
     1.38105
     1.37758
     1.37758
     1.37743
     1.37743
     1.37729
     1.37729
     1.37712
     1.37712
     1.37689
     1.37689
     1.37674
     1.37674
     1.37661
     1.37643
     1.37637
     1.37637
     1.37629
     1.37616
     1.37616
     1.37602
     1.37602
     1.37589
     1.37589
     1.37573
     1.37573
     1.37563
     1.37563
     1.37551
     1.37551
     1.37535
     1.37535
     1.37523
     1.37523
     1.37511
     1.37511
     1.37495
     1.37478
     1.37478
     1.37459
     1.37455
     1.37455
      1.3744
     1.37425
     1.37425
     1.37413
     1.37413
     1.37391
     1.37391
     1.37357
     1.37357
     1.37177
     1.37177
      1.3548
     1.35128
     1.35128
     1.35123
     1.35121
     1.35101
     1.35101
     1.35091
     1.35091
     1.35078
     1.35078
     1.35062
     1.35047
     1.35046
     1.35046
     1.35032
      1.3502
      1.3502
     1.35008
     1.35008
     1.34642
     1.34642
     1.33953
     1.33953
     1.32347
     1.30776
     1.30216
     1.30216
     1.29438
     1.29438
     1.28689
     1.28166
     1.28166
     1.27253
     1.27125
     1.26043
     1.26043
     1.25228
     1.25228
      1.2439
      1.2439
     1.24096
     1.24096
     1.24015
     1.24015
     1.23208
     1.23208
     1.22791
     1.22791
     1.22784
     1.22784
     1.22775
     1.22766
     1.22766
     1.22754
     1.22754
     1.22741
     1.22741
     1.22736
     1.22736
     1.22223
     1.22223
     1.21639
      1.2149
     1.21483
     1.21483
      1.2147
      1.2147
     1.21454
     1.21442
     1.21432
     1.21432
      1.2142
     1.21404
     1.21404
     1.21382
     1.21382
     1.21361
     1.21357
     1.21335
     1.21335
     1.21317
     1.21317
     1.21295
     1.21295
      1.2127
      1.2127
     1.21254
     1.21254
      1.2124
     1.21233
     1.21233
     1.21216
     1.21216
     1.21197
     1.21197
     1.21182
     1.21182
     1.21172
     1.21172
     1.21159
     1.21147
      1.2114
      1.2114
     1.21128
     1.21115
     1.21115
     1.21099
     1.21099
     1.21079
     1.21079
     1.21048
     1.21048
     1.21032
     1.21032
     1.21013
     1.20989
     1.20989
     1.20966
     1.20959
     1.20959
     1.20943
     1.20924
     1.20924
      1.2091
      1.2091
     1.20883
     1.20883
     1.20867
     1.20867
     1.20343
     1.20343
     1.19317
     1.19317
     1.18143
     1.18143
     1.17419
     1.17419
     1.16832
     1.15856
     1.15856
     1.15061
     1.14832
     1.14533
     1.14533
     1.14517
     1.14517
     1.14498
     1.14498
     1.14477
     1.14477
     1.14467
     1.14467
      1.1445
      1.1445
     1.14431
     1.14431
     1.14417
     1.14417
     1.14403
     1.14385
     1.14385
     1.14366
     1.14366
     1.14346
     1.14346
     1.13729
     1.13729
     1.13038
     1.13038
     1.12232
     1.12232
     1.11328
     1.10217
     1.10217
     1.09846
     1.09657
     1.09657
     1.09098
     1.09062
     1.09062
     1.08895
     1.08843
     1.08511
     1.08511
     1.07929
     1.07929
     1.07041
     1.07041
      1.0634
      1.0634
     1.06148
     1.06093
     1.06093
     1.06083
      1.0608
      1.0608
     1.06069
     1.06058
     1.06058
     1.06048
     1.06048
     1.06037
     1.06037
     1.06024
     1.06024
     1.06017
     1.06017
      1.0601
     1.06001
     1.06001
     1.05991
     1.05989
      1.0598
      1.0598
     1.05971
     1.05971
      1.0596
      1.0596
     1.05946
     1.05931
     1.05928
     1.05928
     1.05916
     1.05905
     1.05905
     1.05892
     1.05892
     1.05878
     1.05878
     1.05869
     1.05869
     1.05861
     1.05861
     1.05854
     1.05844
     1.05844
     1.05834
     1.05832
     1.05822
     1.05822
     1.05812
     1.05812
     1.05801
     1.05801
     1.05786
      1.0577
     1.05766
     1.05766
     1.05753
     1.05741
     1.05741
     1.05726
     1.05726
      1.0571
      1.0571
     1.05701
     1.05701
     1.05692
     1.05692
     1.05684
     1.05673
     1.05673
     1.05662
      1.0566
      1.0566
     1.05651
     1.05638
     1.05638
     1.05623
      1.0562
     1.05608
     1.05608
     1.05594
     1.05594
      1.0558
      1.0558
     1.05563
     1.05546
     1.05546
      1.0553
     1.05527
     1.05516
     1.05516
     1.05505
     1.05505
     1.05496
     1.05496
     1.05485
     1.05039
     1.04669
     1.04669
     1.04017
     1.03297
     1.03297
     1.02342
     1.02342
     1.02226
     1.02226
     1.02189
     1.02189
     1.02176
     1.02176
     1.02162
     1.02146
     1.02146
      1.0213
     1.02127
     1.02122
     1.02116
     1.02105
     1.02105
     1.02095
     1.02095
     1.02082
     1.02082
     1.02049
     1.01728
     1.01603
     1.01603
     1.01155
     1.00602
     1.00602
     1.00153
     1.00153
    0.995012
    0.995012
    0.987487
    0.987487
    0.980747
    0.980747
    0.975139
    0.971561
    0.971561
    0.971436
     0.97141
      0.9713
      0.9713
      0.9712
      0.9712
    0.971109
    0.971109
    0.971001
    0.971001
    0.970874
    0.970874
    0.970792
    0.970705
    0.970705
    0.970611
    0.970611
    0.970485
    0.970485
    0.970344
    0.970344
    0.970151
    0.970151
    0.970009
    0.970009
    0.969857
    0.969696
    0.969696
    0.969491
    0.969491
    0.969249
    0.969249
    0.969137
    0.969137
    0.968959
    0.968959
    0.968767
    0.968767
    0.968655
    0.968655
     0.96855
    0.968433
    0.968433
    0.964163
    0.963203
    0.956184
    0.956184
    0.948028
    0.948028
    0.939926
    0.939004
    0.933946
    0.933946
    0.932079
    0.932079
    0.924256
    0.924256
    0.913199
    0.913199
    0.911542
    0.911542
    0.907798
    0.901842
    0.901842
    0.893274
    0.893274
     0.88122
     0.88122
    0.880906
    0.880906
    0.877415
    0.877415
    0.870198
    0.870198
    0.861168
    0.861168
    0.851909
    0.851909
    0.845919
    0.838069
    0.838069
    0.830848
    0.829601
    0.823487
    0.823487
    0.817704
    0.817704
    0.813562
    0.813562
    0.812452
    0.812105
    0.812079
    0.812079
    0.811957
    0.811836
    0.811836
    0.811688
    0.811688
    0.811523
    0.811523
    0.811418
    0.811418
    0.811319
    0.811319
      0.8112
      0.8112
    0.811061
    0.811061
    0.810978
    0.810978
    0.810891
    0.810784
    0.810784
    0.810675
    0.810654
    0.810565
    0.810565
    0.810449
    0.810449
    0.810325
      0.8103
      0.8103
    0.810191
    0.810046
    0.810046
    0.809885
    0.809852
    0.809712
    0.809712
    0.809569
    0.809569
    0.809414
    0.809414
    0.809216
    0.809015
    0.808976
    0.808976
    0.808815
    0.808659
    0.808659
    0.808506
    0.808506
    0.808322
    0.808322
    0.808112
    0.808112
    0.807982
    0.807982
    0.807823
    0.807702
    0.807644
    0.807644
    0.807527
    0.807527
    0.807415
    0.804564
    0.804564
    0.797005
     0.79546
    0.788883
    0.788883
    0.781333
    0.781333
    0.774172
    0.774172
     0.76908
     0.76908
    0.762587
    0.762587
    0.755067
    0.755067
    0.747516
    0.738476
    0.737218
    0.737218
    0.729638
    0.722598
    0.722598
    0.715299
    0.715299
    0.706918
    0.706918
    0.700687
    0.700687
    0.694729
    0.694729
    0.689045
    0.681633
    0.681633
     0.67726
    0.677233
     0.67702
     0.67702
    0.676747
    0.676747
    0.676527
    0.676527
    0.676245
    0.675961
    0.675904
    0.675904
    0.675677
    0.675448
    0.675448
    0.675161
    0.675161
    0.674818
    0.674818
    0.674587
    0.674587
    0.674358
    0.674358
    0.674126
    0.673838
    0.673838
    0.673548
    0.673491
    0.673259
    0.673259
    0.673027
    0.673027
    0.672737
    0.672737
    0.672389
    0.672389
    0.672157
    0.672157
    0.671925
    0.671693
    0.671693
    0.671403
    0.671403
    0.671057
    0.671057
    0.670826
    0.670826
    0.670595
    0.670595
    0.670307
    0.670077
    0.669962
    0.669962
    0.669733
    0.669733
    0.669504
    0.669504
    0.669218
    0.668934
    0.668934
     0.66865
    0.668593
    0.668424
    0.668424
    0.668143
    0.668143
    0.667806
    0.667806
    0.667583
    0.667583
    0.667361
    0.667085
    0.667085
    0.666811
    0.666758
    0.666758
     0.66654
    0.666325
    0.666325
     0.66611
     0.66611
    0.665845
    0.665845
    0.664859
    0.664859
    0.661098
    0.661098
    0.655253
    0.655253
    0.648743
    0.648743
    0.642746
    0.642746
    0.636408
     0.62781
     0.62781
    0.623196
    0.622181
    0.620875
    0.620875
    0.620151
    0.620151
    0.619226
    0.619226
    0.618954
    0.618954
    0.618928
    0.618928
    0.618865
    0.618865
    0.618786
    0.619437
    0.619448
    0.619448
    0.619482
    0.619524
    0.619524
    0.619576
    0.619576
    0.619636
    0.619636
    0.619675
    0.619675
    0.619722
    0.619722
    0.619777
    0.619777
    0.619811
    0.619811
    0.619844
    0.619844
    0.619875
     0.61994
     0.61994
    0.619973
    0.619979
    0.619979
    0.620002
    0.620046
    0.620046
    0.620065
    0.620069
    0.620082
    0.620082
    0.620114
    0.620114
     0.62012
     0.62012
     0.62013
    0.620177
    0.620186
    0.620186
    0.620213
    0.620216
    0.620216
    0.620251
    0.620251
    0.620297
    0.620297
    0.620355
    0.620355
    0.620345
    0.620345
     0.62034
    0.620336
    0.620334
    0.620334
    0.620329
    0.620324
    0.620324
    0.620318
    0.620318
    0.620311
    0.620311
    0.620301
    0.620301
    0.620295
    0.620295
    0.620286
    0.620286
    0.620274
    0.620274
    0.620266
    0.620266
    0.620258
    0.620258
    0.620247
    0.620235
    0.620232
    0.620232
    0.620223
    0.620212
    0.620212
    0.620202
    0.620202
    0.620186
    0.620186
    0.620175
    0.620175
    0.620163
    0.620163
     0.62015
    0.620134
    0.620134
    0.620118
    0.620114
    0.620103
    0.620103
    0.620088
    0.620088
    0.620074
    0.620074
    0.620057
     0.62004
    0.620035
    0.620035
    0.620021
    0.620007
    0.620007
    0.619985
    0.619985
    0.619965
    0.619965
    0.619948
    0.619948
    0.619931
    0.619931
    0.619913
     0.61989
     0.61989
    0.619866
    0.619862
    0.619842
    0.619842
    0.619821
    0.619821
    0.619795
    0.619795
    0.619762
    0.619762
    0.619739
    0.619739
    0.619717
    0.619693
    0.619693
    0.619662
    0.619662
    0.619625
    0.619625
    0.619598
    0.619598
    0.619572
    0.619572
    0.619538
     0.61951
    0.619495
    0.619495
    0.619466
    0.619436
    0.619436
    0.619405
    0.619405
    0.619366
    0.619366
    0.619318
    0.619318
    0.619284
    0.619284
    0.619251
    0.619207
    0.619207
    0.619162
    0.619152
    0.619116
    0.619116
    0.619077
    0.619077
    0.619039
    0.619039
    0.618989
    0.618948
    0.618927
    0.618927
    0.618886
    0.618843
    0.618843
    0.618799
    0.618799
    0.618743
    0.618743
    0.618673
    0.618673
    0.618626
    0.618626
    0.618578
    0.618578
    0.618516
    0.618452
    0.618439
    0.618387
    0.618387
    0.618333
    0.618333
    0.618265
    0.618265
    0.618182
    0.618182
    0.618123
    0.618123
    0.618063
    0.618063
    0.617991
     0.61793
    0.617899
    0.617899
    0.617837
    0.617773
    0.617773
    0.617708
    0.617708
    0.617625
    0.617625
    0.617524
    0.617524
    0.617455
    0.617455
    0.617366
    0.617366
    0.617259
    0.617259
    0.617204
    0.617204
     0.61711
    0.617015
    0.616995
    0.616995
    0.616918
    0.616838
    0.616838
    0.616738
    0.616738
    0.616616
    0.616616
    0.616532
    0.616532
    0.616449
    0.616449
    0.616363
    0.616254
    0.616254
    0.616144
    0.616123
    0.616033
    0.616033
    0.615942
    0.615942
    0.615828
    0.615828
     0.61569
     0.61569
    0.615596
    0.615596
    0.615502
    0.615407
    0.615407
    0.615287
    0.615287
    0.615166
    0.615166
    0.615021
    0.615021
    0.614922
    0.614922
    0.614825
    0.614825
    0.614726
    0.614602
    0.614602
    0.614479
    0.614479
    0.614355
     0.61433
    0.614231
    0.614231
    0.614131
    0.614131
    0.614033
    0.614033
    0.613909
    0.613785
     0.61376
     0.61376
    0.613662
    0.613563
    0.613563
    0.613441
    0.613441
     0.61332
     0.61332
    0.613176
    0.613176
    0.613079
    0.613079
    0.612959
    0.612959
    0.612818
    0.612818
    0.612747
    0.612747
     0.61263
     0.61263
    0.612489
    0.612489
    0.612398
    0.612398
    0.612283
    0.612283
    0.612145
    0.612145
    0.612056
    0.611965
    0.611965
    0.611874
    0.611874
    0.611762
    0.611762
    0.611629
    0.611629
     0.61154
     0.61154
    0.611452
    0.611341
    0.611341
     0.61123
    0.611206
    0.611206
    0.611116
    0.611022
    0.611022
    0.610912
    0.610912
    0.610778
    0.610778
    0.610686
    0.610686
    0.610571
    0.610571
    0.610434
    0.610434
    0.610339
    0.610339
    0.610246
    0.610246
     0.61015
    0.610029
    0.610029
    0.609906
    0.609882
    0.609781
    0.609781
    0.609679
    0.609679
    0.609576
    0.609576
    0.609445
     0.60931
    0.609281
    0.609281
    0.609171
    0.609057
    0.609057
    0.608912
    0.608912
    0.608734
    0.608734
    0.608611
    0.608611
    0.608486
    0.608486
    0.608326
    0.608193
    0.608125
    0.608125
    0.607989
    0.607989
    0.607813
    0.607813
    0.607594
    0.607594
    0.607445
    0.607285
    0.607285
    0.607136
    0.607136
    0.606936
    0.606936
    0.606689
    0.606689
    0.606519
    0.606519
    0.606347
    0.606126
    0.606126
    0.605901
    0.605854
    0.605671
    0.605671
    0.605482
    0.605482
    0.605293
    0.605293
    0.605052
    0.604856
    0.604757
    0.604757
    0.604559
    0.604359
    0.604359
    0.604157
    0.604157
    0.603904
    0.603904
    0.603651
    0.603651
    0.603346
    0.603346
    0.603144
    0.603144
    0.602943
    0.602943
    0.602693
    0.602446
    0.602395
    0.602395
    0.602201
    0.602007
    0.602007
    0.601769
    0.601769
     0.60149
     0.60149
    0.601306
    0.601306
    0.601086
    0.601086
    0.594574
    0.594574
    0.589195
    0.589195
    0.586479
    0.586479
    0.584015
    0.583656
    0.583656
    0.582317
    0.581569
    0.571536
    0.571536
    0.563518
    0.563518
    0.559864
    0.559864
    0.554775
    0.554775
    0.539223
    0.539223
    0.531178
    0.527205
    0.527205
    0.520806
    0.520806
    0.507854
    0.507854
    0.503438
    0.503438
    0.494176
    0.494176
    0.484318
    0.483065
    0.480014
    0.480014
    0.473311
    0.465241
    0.465241
    0.462234
    0.462234
    0.457731
    0.457731
    0.451532
    0.451532
    0.445307
    0.445307
    0.436737
    0.427202
    0.427202
    0.426504
    0.426282
    0.425791
    0.425791
    0.420315
    0.420315
    0.413773
    0.413773
    0.408472
    0.408472
    0.404179
    0.404179
    0.400379
    0.400379
    0.393055
    0.393055
    0.387474
    0.387474
    0.385099
     0.38498
     0.38498
     0.38486
     0.38486
    0.384713
    0.384713
    0.384543
    0.384543
    0.384433
    0.384433
    0.384327
    0.379753
    0.379753
    0.374097
    0.374097
     0.37391
     0.37391
     0.37379
     0.37379
    0.373673
    0.373673
    0.373528
    0.373413
    0.373355
    0.373355
     0.37324
    0.373122
    0.373122
    0.373002
    0.373002
    0.372847
    0.372847
    0.372685
    0.372685
     0.37248
     0.37248
    0.372334
    0.372334
    0.372183
    0.372022
    0.372022
    0.371813
    0.371813
    0.371592
    0.371592
    0.371317
    0.371317
    0.371127
    0.371127
    0.370937
    0.370937
    0.370744
    0.370505
    0.370505
     0.37027
    0.370224
    0.370041
    0.370041
    0.369912
    0.369912
    0.369751
    0.369751
    0.369583
    0.369583
    0.369377
    0.369221
    0.369193
    0.369193
    0.369048
    0.368934
    0.368934
    0.368791
    0.368791
    0.368643
    0.368643
    0.368486
    0.368486
    0.368333
    0.368333
    0.366162
    0.356698
    0.356698
    0.350443
     0.34874
    0.346949
    0.346949
    0.346734
    0.346734
    0.346574
    0.346574
    0.346354
    0.346122
    0.346074
    0.346074
    0.345881
    0.345684
    0.345684
    0.345438
    0.345438
    0.345147
    0.345147
    0.344958
    0.344958
    0.344776
    0.344776
    0.344599
    0.344387
    0.344387
    0.342834
    0.340442
    0.330775
    0.330775
    0.320565
    0.320565
    0.309915
    0.309915
    0.298323
    0.298323
    0.295446
    0.295446
      0.2953
    0.295205
    0.295205
    0.295041
    0.295041
    0.294848
    0.294848
    0.289806
    0.289806
    0.281819
    0.281819
    0.277195
    0.271806
    0.271806
    0.271352
    0.271333
    0.271333
    0.271256
    0.271158
    0.271158
    0.271058
    0.271038
    0.270954
    0.270954
    0.270866
    0.270866
    0.270751
    0.270751
    0.270603
    0.270603
    0.270499
    0.270499
     0.27039
    0.270248
    0.270248
    0.270101
    0.270069
    0.270069
    0.269949
    0.269949
    0.269794
    0.269639
    0.269607
    0.269607
    0.269482
    0.269355
    0.269355
    0.265339
    0.265339
    0.261505
    0.261505
     0.25581
     0.25581
    0.253965
    0.253965
    0.248085
    0.237864
    0.234057
    0.234057
    0.228443
    0.228443
    0.223773
    0.217654
    0.217654
    0.212224
    0.210837
    0.210837
    0.207303
    0.207453
    0.207453
    0.207269
    0.207243
    0.207136
    0.207136
    0.207032
    0.207032
    0.206929
    0.206929
    0.206802
    0.206677
    0.206651
    0.206651
    0.206551
    0.206449
    0.206449
     0.20632
     0.20632
    0.206161
    0.206161
     0.20605
     0.20605
    0.205935
    0.205935
    0.205815
    0.205659
    0.205659
    0.205497
    0.205463
    0.205327
    0.205327
    0.205189
    0.205189
    0.205014
    0.205014
    0.204866
    0.204866
    0.204736
    0.204736
    0.204614
    0.204614
    0.204449
     0.20428
     0.20426
     0.20426
    0.204155
    0.204035
    0.204035
    0.203892
    0.203892
    0.203744
    0.203744
    0.203598
    0.203598
    0.203399
    0.203399
    0.203287
    0.203287
    0.203173
     0.20303
     0.20303
    0.202884
    0.202854
    0.202734
    0.202734
     0.20261
     0.20261
    0.202449
    0.202449
    0.202246
    0.202246
    0.202104
    0.202104
     0.20196
    0.201809
    0.201809
    0.201619
    0.201619
    0.201422
    0.201422
    0.201295
    0.201295
    0.201125
    0.201125
    0.200943
    0.200822
    0.200676
    0.200676
    0.200598
    0.200377
    0.200377
    0.196911
    0.196911
    0.188552
    0.188552
    0.176191
    0.176191
    0.167696
    0.167696
    0.160845
    0.157185
    0.157185
    0.150273
    0.150273
    0.140497
    0.140497
    0.134357
    0.134357
    0.134242
    0.134242
    0.134137
    0.134137
    0.134029
    0.133894
    0.133894
    0.133759
    0.133731
    0.133621
    0.133621
    0.133509
    0.133509
    0.133366
    0.133366
     0.13319
     0.13319
    0.133069
    0.133069
    0.132945
    0.132816
    0.132816
    0.132653
    0.132653
    0.132452
    0.132452
    0.132313
    0.132313
    0.132188
    0.132188
      0.1252
    0.117709
    0.112032
    0.112032
    0.101964
    0.101964
   0.0945996
   0.0885097
   0.0885097
   0.0808411
   0.0795637
   0.0730605
   0.0730605
   0.0672712
   0.0672712
   0.0638431
   0.0638431
   0.0637088
   0.0635689
   0.0634942
   0.0634942
   0.0634084
   0.0633095
   0.0633095
   0.0580147
   0.0580147
   0.0453087
   0.0453087
   0.0415523
   0.0415523
   0.0359586
   0.0359586
   0.0334654
    0.026752
    0.026752
   0.0258797
   0.0258741
    0.025834
    0.025834
   0.0257708
   0.0257708
   0.0256991
    0.025685
   0.0256202
   0.0256202
   0.0255514
   0.0255514
    0.025462
    0.025462
   0.0253702
   0.0253702
   0.0252594
   0.0252594
   0.0251866
   0.0251866
   0.0251174
   0.0250471
   0.0250471
   0.0249615
   0.0249615
   0.0248704
   0.0248704
   0.0248139
   0.0248139
    0.024763
    0.024763
   0.0247154
   0.0246581
   0.0246581
   0.0246009
   0.0245897
   0.0245897
   0.0245424
   0.0244795
   0.0244795
   0.0244084
   0.0244084
   0.0243311
   0.0243158
   0.0242469
   0.0242469
   0.0241739
   0.0241739
   0.0240785
   0.0240785
   0.0239592
   0.0239592
   0.0238779
   0.0238779
   0.0237973
    0.023715
    0.023715
   0.0236123
   0.0236123
   0.0198201
   0.0198201
   0.0151224
   0.0151224
   0.0107686
   0.0107686
  0.00714129
   0.0070008
   0.0069433
   0.0069433
    0.006829
    0.006829
  0.00671206
  0.00656594
  0.00656594
  0.00641944
  0.00639028
  0.00627219
  0.00627219
  0.00615401
  0.00615401
  0.00600596
  0.00600596
  0.00582863
  0.00582863
  0.00571119
  0.00571119
   0.0055994
  0.00554053
  0.00554053
  0.00540857
  0.00540857
  0.00522863
  0.00522863
  0.00512883
  0.00512883
  0.00497631
  0.00497631
  0.00487329
  0.00487329
  0.00474755
  0.00459538
  0.00459538
   0.0044719
  0.00444472
  0.00430728
  0.00430728
  0.00420518
  0.00420518
  0.00406168
  0.00406168
  0.00391331
  0.00378049
  0.00378049
  0.00363099
  0.00359198
  0.00359198
   0.0034708
  0.00331452
  0.00331452
  0.00321274
  0.00321274
  0.00307263
  0.00307263
  0.00285536
  0.00285536
  0.00276522
  0.00261855
  0.00261855
  0.00244899
  0.00244899
  0.00230208
  0.00225936
  0.00213198
  0.00213198
  0.00199166
  0.00199166
  0.00185598
  0.00185598
  0.00173286
  0.00158123
  0.00153976
  0.00153976
  0.00139982
  0.00127766
  0.00127766
  0.00117165
  0.00117165
 0.000978461
 0.000978461
  0.00079162
  0.00079162
 0.000623039
 0.000623039
 0.000523037
  0.00034669
  0.00034669
  0.00018723
 0.000163817
 5.18967e-06
 5.18967e-06
-0.000125375
-0.000125375
-0.000253508
-0.000253508
 -0.00042404
-0.000592064
-0.000623942
-0.000623942
-0.000733997
-0.000963991
-0.000963991
 -0.00104814
 -0.00104814
 -0.00127219
 -0.00127219
 -0.00140665
 -0.00140665
 -0.00156091
 -0.00156091
     -0.0017
     -0.0017
 -0.00187812
 -0.00187812
 -0.00201697
 -0.00201697
 -0.00215401
 -0.00233627
 -0.00233627
 -0.00249529
 -0.00253876
 -0.00267939
 -0.00267939
 -0.00283171
 -0.00283171
 -0.00296026
 -0.00296026
 -0.00310698
 -0.00328779
 -0.00329712
 -0.00329712
 -0.00344957
 -0.00362084
 -0.00362084
 -0.00376855
 -0.00381498
 -0.00381498
 -0.00395038
 -0.00415571
 -0.00415571
 -0.00423561
 -0.00423561
 -0.00440747
 -0.00440747
 -0.00466068
 -0.00466068
   -0.004747
   -0.004747
 -0.00480191
 -0.00500668
 -0.00500668
 -0.00512111
  -0.0051467
 -0.00529611
 -0.00529611
 -0.00540566
 -0.00540566
  -0.0055113
  -0.0055113
 -0.00570583
 -0.00570583
 -0.00581633
 -0.00581633
 -0.00592611
 -0.00592611
 -0.00603781
 -0.00618619
 -0.00621396
 -0.00621396
 -0.00628908
 -0.00641877
 -0.00641877
 -0.00655833
 -0.00655155
  -0.0066613
  -0.0066613
 -0.00674676
 -0.00674676
 -0.00685401
 -0.00685401
 -0.00697486
 -0.00697486
 -0.00703966
 -0.00703966
 -0.00715111
 -0.00715111
 -0.00727318
 -0.00734509
  -0.0073794
  -0.0073794
 -0.00743429
 -0.00752044
 -0.00752044
 -0.00760192
  -0.0076197
 -0.00767895
 -0.00767895
 -0.00773556
 -0.00773556
  -0.0078171
  -0.0078171
 -0.00792538
 -0.00792538
 -0.00796066
 -0.00796066
 -0.00799579
 -0.00799579
 -0.00807472
 -0.00812522
 -0.00814961
 -0.00814961
 -0.00817509
  -0.0082086
  -0.0082086
 -0.00824708
 -0.00824708
 -0.00828304
 -0.00828304
 -0.00830524
 -0.00830524
 -0.00833058
 -0.00833058
 -0.00836002
 -0.00838646
 -0.00838646
 -0.00839873
 -0.00840086
 -0.00840947
 -0.00840947
 -0.00842929
 -0.00842929
  -0.0084386
  -0.0084386
   -0.008438
   -0.008438
 -0.00843382
 -0.00843382
 -0.00843847
 -0.00843592
 -0.00843592
  -0.0084354
  -0.0084354
 -0.00844821
 -0.00844821
 -0.00844491
 -0.00844491
 -0.00844442
 -0.00844442
 -0.00843913
 -0.00843913
 -0.00855118
 -0.00855118
 -0.00865622
 -0.00865622
 -0.00873701
 -0.00876925
 -0.00876925
 -0.00876544
 -0.00876485
 -0.00876148
 -0.00876148
 -0.00877102
 -0.00877102
 -0.00877552
 -0.00877552
 -0.00874817
 -0.00874817
 -0.00872823
 -0.00872823
 -0.00867634
 -0.00867634
 -0.00859199
 -0.00850894
 -0.00849401
 -0.00849401
 -0.00843601
 -0.00838789
 -0.00838789
 -0.00834973
 -0.00834973
 -0.00831919
 -0.00831919
 -0.00831493
 -0.00831493
 -0.00833491
 -0.00833491
 -0.00836367
 -0.00841267
 -0.00841267
 -0.00849029
 -0.00849518
 -0.00856383
 -0.00856383
 -0.00864405
 -0.00864405
 -0.00870566
 -0.00870566
 -0.00879826
 -0.00891001
 -0.00894264
 -0.00894264
 -0.00902819
   -0.009111
   -0.009111
 -0.00919578
 -0.00919578
 -0.00923775
 -0.00923775
 -0.00925711
 -0.00925711
 -0.00934353
 -0.00934353
  -0.0093647
  -0.0093647
 -0.00939669
 -0.00939669
 -0.00941215
 -0.00941215
 -0.00944261
 -0.00944261
 -0.00946967
 -0.00949421
  -0.0095118
  -0.0095118
 -0.00954951
 -0.00954951
  -0.0095685
  -0.0095685
 -0.00959262
 -0.00961828
 -0.00961828
  -0.0096455
 -0.00965054
 -0.00967447
 -0.00967447
 -0.00970462
 -0.00970462
 -0.00973667
 -0.00974263
 -0.00977039
 -0.00977039
 -0.00979976
 -0.00979976
 -0.00983667
 -0.00983667
 -0.00988213
 -0.00988213
  -0.0099157
  -0.0099157
  -0.0099472
 -0.00998478
 -0.00998478
  -0.0100304
  -0.0100304
  -0.0100851
  -0.0100851
  -0.0101277
  -0.0101277
   -0.010167
   -0.010167
  -0.0102203
  -0.0102659
  -0.0102896
  -0.0102896
  -0.0103339
  -0.0103828
  -0.0103828
  -0.0104337
  -0.0104337
  -0.0104976
  -0.0104976
  -0.0105759
  -0.0105759
  -0.0106325
  -0.0106325
  -0.0106859
  -0.0107474
  -0.0107474
  -0.0108224
  -0.0108224
  -0.0109123
  -0.0109123
  -0.0109799
  -0.0109799
  -0.0110623
  -0.0110623
  -0.0111612
  -0.0111612
  -0.0112347
  -0.0112347
  -0.0113026
  -0.0113026
  -0.0113954
  -0.0113954
  -0.0114884
  -0.0114884
  -0.0116084
  -0.0116084
  -0.0116849
  -0.0116849
  -0.0117668
  -0.0118696
  -0.0118696
  -0.0119746
  -0.0119946
  -0.0120814
  -0.0120814
  -0.0121695
  -0.0121695
  -0.0122799
  -0.0122799
  -0.0124125
  -0.0124125
  -0.0125051
  -0.0125051
  -0.0125923
  -0.0125923
  -0.0127073
  -0.0128233
  -0.0128506
  -0.0128506
  -0.0129398
  -0.0130372
  -0.0130372
  -0.0131314
  -0.0131314
  -0.0132476
  -0.0132476
  -0.0133665
  -0.0133665
  -0.0134858
  -0.0134858
  -0.0136325
  -0.0136325
  -0.0137253
  -0.0138247
  -0.0138247
  -0.0139476
  -0.0139476
  -0.0140723
  -0.0140967
  -0.0141992
  -0.0141992
  -0.0143046
  -0.0143046
  -0.0144058
  -0.0144058
  -0.0145404
  -0.0146789
  -0.0146789
  -0.0287288
  -0.0353801
  -0.0501158
  -0.0501158
   -0.074268
   -0.074268
   -0.110663
   -0.110663
   -0.134444
   -0.134444
    -0.17729
   -0.232056
   -0.254355
   -0.254355
   -0.285766
   -0.308997
   -0.308997
   -0.368514
   -0.368514
   -0.446877
   -0.446877
   -0.489029
   -0.495444
   -0.515672
   -0.515672
   -0.563582
   -0.563582
     -0.6284
     -0.6284
    -0.66447
    -0.66447
   -0.712608
   -0.712608
   -0.758287
   -0.758287
   -0.784624
    -0.81027
   -0.816113
   -0.816113
   -0.863739
   -0.863739
   -0.927246
   -0.948678
   -0.954004
   -0.954004
   -0.992781
    -1.02388
    -1.02388
    -1.05273
           0